Time/s	Potential/V	Filmthickness/m
0	1.8	9.51E-09
2000	1.8	9.62E-09
4000	1.8	9.82E-09
6000	1.8	1.00E-08
8000	1.8	1.03E-08
10000	1.8	1.05E-08
12000	1.8	1.07E-08
14000	1.8	1.10E-08
16000	1.8	1.12E-08
18000	1.8	1.14E-08
20000	1.8	1.17E-08
22000	1.8	1.19E-08
24000	1.8	1.21E-08
26000	1.8	1.23E-08
28000	1.8	1.25E-08
30000	1.8	1.27E-08
32000	1.8	1.29E-08
34000	1.8	1.30E-08
36000	1.8	1.32E-08
38000	1.8	1.34E-08
40000	1.8	1.35E-08
42000	1.8	1.36E-08
44000	1.8	1.38E-08
46000	1.8	1.39E-08
48000	1.8	1.40E-08
50000	1.8	1.42E-08
52000	1.8	1.43E-08
54000	1.8	1.44E-08
56000	1.8	1.45E-08
58000	1.8	1.46E-08
60000	1.8	1.47E-08
62000	1.8	1.47E-08
64000	1.8	1.48E-08
66000	1.8	1.49E-08
68000	1.8	1.50E-08
70000	1.8	1.51E-08
72000	1.8	1.51E-08
74000	1.8	1.52E-08
76000	1.8	1.53E-08
78000	1.8	1.53E-08
80000	1.8	1.54E-08
82000	1.8	1.54E-08
84000	1.8	1.55E-08
86000	1.8	1.55E-08
88000	1.8	1.55E-08
90000	1.8	1.56E-08
92000	1.8	1.56E-08
94000	1.8	1.57E-08
96000	1.8	1.57E-08
98000	1.8	1.57E-08
100000	1.8	1.58E-08
102000	1.8	1.58E-08
104000	1.8	1.58E-08
106000	1.8	1.58E-08
108000	1.8	1.59E-08
110000	1.8	1.59E-08
112000	1.8	1.59E-08
114000	1.8	1.59E-08
116000	1.8	1.59E-08
118000	1.8	1.60E-08
120000	1.8	1.60E-08
122000	1.8	1.60E-08
124000	1.8	1.60E-08
126000	1.8	1.60E-08
128000	1.8	1.60E-08
130000	1.8	1.60E-08
132000	1.8	1.60E-08
134000	1.8	1.60E-08
136000	1.8	1.60E-08
138000	1.8	1.61E-08
140000	1.8	1.61E-08
142000	1.8	1.61E-08
144000	1.8	1.61E-08
146000	1.8	1.61E-08
148000	1.8	1.61E-08
150000	1.8	1.61E-08
152000	1.8	1.61E-08
154000	1.8	1.61E-08
156000	1.8	1.61E-08
158000	1.8	1.61E-08
160000	1.8	1.61E-08
162000	1.8	1.61E-08
164000	1.8	1.61E-08
166000	1.8	1.61E-08
168000	1.8	1.61E-08
170000	1.8	1.61E-08
172000	1.8	1.61E-08
174000	1.8	1.61E-08
176000	1.8	1.61E-08
178000	1.8	1.61E-08
180000	1.8	1.61E-08
182000	1.8	1.61E-08
184000	1.8	1.61E-08
186000	1.8	1.61E-08
188000	1.8	1.61E-08
190000	1.8	1.61E-08
192000	1.8	1.61E-08
194000	1.8	1.61E-08
196000	1.8	1.61E-08
198000	1.8	1.61E-08
200000	1.8	1.61E-08
202000	1.8	1.61E-08
204000	1.8	1.61E-08
206000	1.8	1.61E-08
208000	1.8	1.61E-08
210000	1.8	1.61E-08
212000	1.8	1.61E-08
214000	1.8	1.61E-08
216000	1.8	1.61E-08
218000	1.8	1.61E-08
220000	1.8	1.61E-08
222000	1.8	1.61E-08
224000	1.8	1.61E-08
226000	1.8	1.61E-08
228000	1.8	1.61E-08
230000	1.8	1.61E-08
232000	1.8	1.61E-08
234000	1.8	1.61E-08
236000	1.8	1.61E-08
238000	1.8	1.61E-08
240000	1.8	1.61E-08
242000	1.8	1.61E-08
244000	1.8	1.61E-08
246000	1.8	1.61E-08
248000	1.8	1.61E-08
250000	1.8	1.61E-08
252000	1.8	1.61E-08
254000	1.8	1.61E-08
256000	1.8	1.61E-08
258000	1.8	1.61E-08
260000	1.8	1.61E-08
262000	1.8	1.61E-08
264000	1.8	1.61E-08
266000	1.8	1.61E-08
268000	1.8	1.61E-08
270000	1.8	1.61E-08
272000	1.8	1.61E-08
274000	1.8	1.61E-08
276000	1.8	1.61E-08
278000	1.8	1.61E-08
280000	1.8	1.61E-08
282000	1.8	1.61E-08
284000	1.8	1.61E-08
286000	1.8	1.61E-08
288000	1.8	1.61E-08
290000	1.8	1.61E-08
292000	1.8	1.61E-08
294000	1.8	1.61E-08
296000	1.8	1.61E-08
298000	1.8	1.61E-08
300000	1.8	1.61E-08
302000	1.8	1.61E-08
304000	1.8	1.61E-08
306000	1.8	1.61E-08
308000	1.8	1.61E-08
310000	1.8	1.61E-08
312000	1.8	1.61E-08
314000	1.8	1.61E-08
316000	1.8	1.61E-08
318000	1.8	1.61E-08
320000	1.8	1.61E-08
322000	1.8	1.61E-08
324000	1.8	1.61E-08
326000	1.8	1.61E-08
328000	1.8	1.61E-08
330000	1.8	1.61E-08
332000	1.8	1.61E-08
334000	1.8	1.61E-08
336000	1.8	1.61E-08
338000	1.8	1.61E-08
340000	1.8	1.61E-08
342000	1.8	1.61E-08
344000	1.8	1.61E-08
346000	1.8	1.61E-08
348000	1.8	1.61E-08
350000	1.8	1.61E-08
352000	1.8	1.61E-08
354000	1.8	1.61E-08
356000	1.8	1.61E-08
358000	1.8	1.61E-08
360000	1.8	1.61E-08
362000	1.8	1.61E-08
364000	1.8	1.61E-08
366000	1.8	1.61E-08
368000	1.8	1.61E-08
370000	1.8	1.61E-08
372000	1.8	1.61E-08
374000	1.8	1.61E-08
376000	1.8	1.61E-08
378000	1.8	1.61E-08
380000	1.8	1.61E-08
382000	1.8	1.61E-08
384000	1.8	1.61E-08
386000	1.8	1.61E-08
388000	1.8	1.61E-08
390000	1.8	1.61E-08
392000	1.8	1.61E-08
394000	1.8	1.61E-08
396000	1.8	1.61E-08
398000	1.8	1.61E-08
400000	1.8	1.61E-08
